118.78764739784643,32.104907628492526,0.59,8,8,0.7
118.75733744510727,32.072930101836846,0.27,7,3,0.9
118.75907179216576,32.07101874995543,1.32,8,1,0.2
118.78472628105247,32.06597797941979,0.99,5,9,0.1
118.79621070486489,32.11776705688176,1.05,5,6,0.7
118.73993349177695,32.067538315242,0.11,5,5,0.2
118.79995735580968,32.120756075357484,1.94,4,0,0.2
118.77487033152048,32.11217245511386,1.29,4,8,0.5
118.77406755221652,32.06038611505519,1.82,1,6,0.7
118.79882651830825,32.10540917312526,0.58,5,1,0.2
118.75498650448665,32.07458739168695,1.82,1,8,0.4
118.7396300845446,32.08235077576612,1.51,7,2,0.2
118.79046890506415,32.12052107191886,0.37,2,2,0.3
118.80233979646069,32.12265839435659,0.36,3,8,0.7
118.75657894726343,32.06867446229911,0.07,4,0,0.3
118.78554580910894,32.09226953555507,0.16,1,9,0.6
118.75130152637578,32.109878239014485,1.88,1,7,0.4
118.80192518140503,32.11396884762895,1.60,10,0,0.9
118.78572899030479,32.08635000553986,1.55,1,4,0.3
118.78172993695084,32.106611860341275,0.64,3,2,0.7
118.75697276400968,32.07464913821732,0.14,5,6,0.7
118.77818772691182,32.112854576652374,1.04,9,9,0.4
118.79159939459421,32.09982146730752,0.90,6,3,0.4
118.7648358456878,32.059887798306164,0.03,8,9,1.0
118.76344569348694,32.098394370098696,0.64,8,6,0.5
118.75994477267034,32.0787845618612,0.56,5,9,0.1
118.77135536711161,32.08666521067032,0.84,2,7,0.5
118.73965164125285,32.056138307844456,1.12,7,10,0.3
118.76949188906383,32.10178876023535,0.32,4,1,0.1
118.7986349927964,32.11545468885825,1.40,2,10,0.3
118.78546734327314,32.064782883679925,1.50,9,6,0.3
118.76608825952755,32.06548756046003,0.62,1,3,0.6
118.7768549523276,32.05408170606534,1.21,8,6,0.9
118.76733905929067,32.116485646303836,1.13,9,2,0.6
118.8007522259171,32.12790230268582,0.60,3,0,0.2
118.78467589167833,32.09434243362694,1.12,6,5,0.6
118.76989981509067,32.05207442934744,0.72,5,5,1.0
118.78064101580917,32.06188574681896,0.08,7,5,0.2
118.78894147853006,32.10469583793064,1.14,10,4,0.1
118.75451351478515,32.07590091982075,0.44,2,1,1.0
118.75687246687401,32.073852651362294,1.05,8,5,0.1
118.78605573656787,32.104808710913666,1.00,7,2,0.4
118.76166800290274,32.05989142835926,0.89,7,9,0.1
118.78322308379207,32.05185637939484,1.05,9,5,0.5
118.78903117901797,32.07920621826271,0.09,2,5,0.0
118.78098001858886,32.10499367733254,1.69,6,6,0.1
118.75305160898036,32.05528355176644,1.79,6,2,0.9
118.76303013888418,32.072727532719426,1.01,10,4,0.4
118.80111555649746,32.105732387860456,0.89,8,3,0.1
118.78135884220406,32.108721067986714,0.33,3,9,0.1
118.78033288400403,32.08403749405817,1.95,0,3,0.8
118.7885217549251,32.05552360584893,0.91,10,4,0.3
118.77260357418866,32.08918781931586,1.27,5,7,0.5
118.75519741745483,32.051343215334384,0.94,2,7,0.3
118.76009788239053,32.08312418404093,0.59,5,1,0.6
118.78187273955577,32.055528906064374,0.96,2,2,0.5
118.73979436426747,32.092916357821856,1.22,1,8,0.7
118.76686709926986,32.08375919168575,0.08,8,7,0.6
118.79878462366197,32.110358692050816,0.96,6,8,0.1
118.76307141658963,32.10251037198184,1.99,8,1,0.9
118.80060397180809,32.098197162939286,0.97,2,2,0.5
118.78048722048325,32.06053696231839,1.59,7,8,0.5
118.75785493256314,32.08047747784897,1.08,3,10,1.0
118.7745473309454,32.1090699666053,1.46,8,1,0.8
118.76531885386296,32.11929252882936,0.27,3,2,0.6
118.7804638091811,32.06329259180052,1.72,4,9,0.6
118.75253233161936,32.08162530358146,1.67,6,9,0.8
118.75186899369432,32.063183190435105,0.52,9,6,1.0
118.80531403149439,32.12934071914407,0.02,8,5,0.0
118.78520617435866,32.12202489040732,1.75,4,1,0.9
118.76076925996412,32.05012428131331,0.63,4,4,0.3
118.73993169035867,32.06323811748412,1.24,7,0,0.4
118.77550589735694,32.089937700019746,0.01,4,3,0.6
118.78043988667261,32.05766733258752,1.94,8,1,0.1
118.77905763721331,32.06504634357994,0.52,4,1,0.1
118.7657300382772,32.06877740616648,1.96,0,7,0.1
118.75558142943363,32.054464195707666,1.87,8,3,0.7
118.8007878963953,32.12223108236932,0.64,5,10,0.3
118.7720988928005,32.07554976258114,0.49,6,3,0.8
118.75539580463115,32.06228329486228,0.48,7,6,0.1
118.7580123506969,32.101968310004125,1.13,7,2,0.5
118.80245124490034,32.11012179414886,1.83,5,1,0.1
118.80472404259737,32.116491549724344,1.57,4,7,0.4
118.7825964545606,32.06623745666404,1.31,5,5,0.9
118.75654743040128,32.077744467203146,1.41,6,0,0.9
118.76906529438425,32.05470153054262,1.80,8,3,0.5
118.80896284324929,32.1240314066757,0.28,2,4,0.3
118.80554645832795,32.10881296664487,0.44,8,8,0.5
118.76825370635169,32.080329631589564,0.40,4,9,0.6
118.76997672351418,32.092163385661685,1.29,2,10,0.3
118.75496897464705,32.10013663196847,0.63,4,2,0.8
118.77501172492995,32.081306652816984,0.19,5,1,0.0
118.76005935312126,32.11019401304445,1.72,9,3,0.8
118.75904862563819,32.058701002513196,1.14,5,6,0.4
118.76780927863438,32.1130310832744,1.63,9,8,0.4
118.75395618703572,32.109712297663705,1.88,4,6,0.7
118.77467014246976,32.073817930179814,0.83,3,2,0.0
118.77384283311098,32.07169133939642,0.81,7,2,0.1
118.80851759453749,32.12269038236934,1.37,0,3,0.4
118.74770475533066,32.08576933181385,0.43,3,9,0.5
118.754893,32.090821
118.754702,32.090838
118.755672,32.090451
118.747231,32.091456
118.750034,32.091212
118.743997,32.092344
118.740763,32.091762
118.740584,32.08852
118.740512,32.088459
118.740512,32.088459
118.750034,32.098737
118.750249,32.097697
118.743925,32.099501
118.745219,32.101581
118.778815,32.097024
118.781762,32.096871
118.77975,32.098951
118.777917,32.099349
118.785982,32.077618
118.780679,32.073795
118.776655,32.071837
118.773493,32.07967
118.792034,32.085666
118.770762,32.083096
118.744685,32.06965
118.745178,32.066635
118.745178,32.066635
118.745322,32.060638
118.74525,32.0577
118.790032,32.11289